399
467
612
332
354
685
322
610
353
343
308
484
576
344
341
594
490
300
504
536
308
341
633
493
432
396
340
535
366
318
555
616
460
276
455
695
557
377
670
413
308
470
610
515
507
619
457
592
405
676
534
351
630
596
631
502
537
646
519
285
494
252
398
488
410
389
254
681
509
488
320
640
481
539
313
370
369
672
423
468
568
310
507
681
400
450
395
599
661
401
639
252
373
688
300
463
333
394
350
300
341
338
320
462
502
489
670
565
559
496
415
592
559
492
578
421
314
491
462
630
690
278
427
459
573
670
618
371
383
256
346
353
647
536
445
306
473
454
312
680
270
378
388
563
397
566
572
256
669
676
287
512
469
695
336
451
516
449
557
685
651
427
395
638
348
295
501
639
420
680
614
527
325
273
494
491
462
345
417
479
638
404
487
425
655
493
655
506
467
453
451
266
693
268
342
524
512
257
377
416
299
650
365
513
281
632
274
601
640
402
252
264
344
498
269
663
536
622
297
274
492
377
562
519
536
645
334
528
637
484
674
588
574
579
462
334
591
641
659
492
471
654
638
659
349
347
349
251
461
287
638
658
423
627
431
657
425
321
642
414
454
362
287
524
651
316
599
468
377
632
681
315
313
428
641
484
362
571
600
623
329
409
474
426
394
289
601
288
250
573
696
548
476
411
405
394
576
610
588
640
271
546
603
256
371
421
513
445
299
388
503
410
449
448
536
576
583
592
399
303
428
469
476
671
430
616
517
518
599
438
429
640
410
315
653
590
285
291
454
610
565
496
615
696
253
283
476
263
619
407
331
288
645
352
676
578
485
663
392
371
392
296
496
361
355
356
326
490
627
394
370
251
646
671
546
481
279
417
456
494
446
386
535
534
518
494
272
465
355
295
356
408
642
656
491
399
459
373
501
552
476
494
654
491
506
625
652
358
659
480
604
280
414
476
258
577
363
305
509
485
299
674
345
398
692
526
298
512
660
527
259
485
482
382
373
318
310
526
689
456
627
555
583
555
562
696
582
536
279
364
441
421
453
457
414
569
359
634
515
440
280
465
580
506
664
606
524
366
696
283
379
291
387
361
620
553
482
671
518
318
692
502
698
365
259
539
458
615
502
416
386
397
635
264
489
607
559
617
646
499
471
287
538
533
388
353
401
601
635
630
420
292
314
254
598
615
262
351
500
624
561
522
352
312
563
583
519
377
383
625
499
661
260
477
270
380
273
679
325
525
631
268
547
263
513
322
338
331
421
577
638
305
255
478
663
547
608
685
439
287
515
420
503
496
422
402
566
453
627
251
624
412
326
421
650
371
345
551
588
356
330
583
652
589
493
518
552
464
576
613
692
396
627
549
490
419
433
313
379
395
350
437
591
596
576
353
562
293
253
267
398
300
454
449
632
387
345
377
670
264
340
336
345
506
350
466
371
556
620
550
443
638
433
298
624
395
506
551
462
366
469
525
618
681
321
430
357
660
433
438
688
682
322
353
551
443
597
382
460
695
419
607
473
682
650
507
331
565
292
690
336
561
439
628
689
687
441
515
601
504
575
303
607
551
276
608
478
438
467
543
568
352
337
552
511
633
416
617
350
471
455
407
467
484
604
593
478
541
265
555
484
549
698
620
384
325
441
425
545
282
308
603
551
294
435
305
602
606
651
494
679
314
364
633
674
375
696
598
448
389
333
503
351
612
511
527
567
310
549
346
375
385
355
474
530
579
263
389
562
692
362
520
464
320
461
548
572
434
395
528
571
640
460
318
255
627
642
600
344
369
306
489
454
254
489
378
312
508
268
538
328
585
534
546
614
499
538
489
391
694
551
537
264
627
301
425
354
320
283
523
656
627
425
366
314
673
610
573
287
487
607
664
411
670
485
322
660
511
379
472
557
570
464
378
687
525
471
494
525
363
357
467
673
495
630
608
412
612
681
275
625
407
525
594
655
530
632
473
691
543
524
634
487
311
683
634
399
684
633
583
531
477
485
326
675
509
464
316
539
532
426
314
591
377
547
365
477
258
425
455
695
501
427
425
649
322
511
476
581
625
387
585
309
359
578
429
557
674
667
360
581
415
494
478
678
679
282
630
550
537
434
657
463
668
348
627
677
594
576
472
469
396
290
694
370
263
281
549
690
277
613
497
491
594
589
593
340
481
385
481
559
577
506
581
513
666
638
519
305
695
566
560
551
691
268
632
505
346
334
383
642
510
361
654
382
461
405
350
348
265
589
332
670
673
282
269
411
340
251
572
412
327
670
392
472
386
407
342
412
578
449
595
268
455
563
519
278
423
681
596
305
311
545
415
407
364
278
507
373
295
312
293
579
448
441
680
661
481
496
334
426
314
445
369
456
380
697
595
422
382
311
698
322
653
322
286
344
317
375
431
266
305
595
686
359
448
461
610
460
509
592
354
571
678
592
474
393
655
547
670
358
564
326
505
558
690
577
699
308
262
677
650
527
527
620
529
658
393
531
318
422
455
332
408
619
309
279
593
336
319
458
644
365
678
328
637
426
264
580
635
395
648
674
631
492
580
409
409
280
685
656
326
668
538
630
555
263
670
381
365
451
270
345
577
311
523
447
621
601
396
407
305
302
357
325
697
442
539
453
568
683
475
365
646
263
659
512
354
301
670
351
536
659
262
620
388
414
261
698
305
652
541
541
649
566
384
348
537
606
688
444
669
501
250
371
440
292
404
384
686
334
396
362
629
602
512
532
575
319
361
464
472
384
448
689
265
318
422
376
526
281
488
372
567
525
469
310
497
313
517
450
271
626
463
425
320
613
280
659
347
536
290
334
425
384
339
511
536
551
521
377
463
660
354
376
298
697
325
634
419
312
433
597
418
481
572
506
478
557
599
582
364
390
482
450
629
442
297
457
529
296
599
376
664
578
399
266
623
368
661
569
424
525
419
391
418
320
429
316
271
577
376
698
644
586
361
327
519
324
666
477
554
566
523
306
477
465
637
503
544
464
252
687
557
472
688
540
266
286
331
558
682
607
699
569
379
484
524
575
470
664
315
628
432
310
295
407
501
564
402
594
327
376
296
636
465
352
611
413
331